step	loss exist
0	0.0006170448032207787
1	0.0006307190633378923
2	0.000625117972958833
3	0.000626280321739614
4	0.0006226758705452085
5	0.0006175129092298448
6	0.0006261494127102196
7	0.0006223218515515327
8	0.0006157603347674012
9	0.0006207716069184244
10	0.0006144425715319812
11	0.0006158562027849257
12	0.0006135983858257532
13	0.0006007692427374423
14	0.0006017749547027051
15	0.0006003733142279088
16	0.0005949015030637383
17	0.0005821886588819325
18	0.0005950487102381885
19	0.0005690823309123516
20	0.0005847439169883728
21	0.0005784928216598928
22	0.0005599558935500681
23	0.0005671472754329443
24	0.0005961433053016663
25	0.000564193760510534
26	0.0005550353671424091
27	0.0005224013584665954
28	0.0005093635409139097
29	0.0005195270641706884
30	0.0005218532751314342
31	0.000496138003654778
32	0.0004925706307403743
33	0.0006016772822476923
34	0.0005674163112416863
35	0.0005226837238296866
36	0.0005052584456279874
37	0.0005137012922205031
38	0.0004936215118505061
39	0.0005159962456673384
40	0.00048288487596437335
41	0.0005798446363769472
42	0.00042466080049052835
43	0.0004949134308844805
44	0.00042100934660993516
45	0.0003997214662376791
46	0.0005100683192722499
47	0.0004508281999733299
48	0.0005991448415443301
49	0.0004205386503599584
50	0.00057768146507442
51	0.0006061696913093328
52	0.0004965807311236858
53	0.0004779950249940157
54	0.0005374169559217989
55	0.00046442163875326514
56	0.0003596646711230278
57	0.0007935021421872079
58	0.0005833760369569063
59	0.0006828529294580221
60	0.0005475571379065514
61	0.00033784107654355466
62	0.00035129516618326306
63	0.0004530658188741654
64	0.00047449703561142087
65	0.0003823675215244293
66	0.0006913435063324869
67	0.0003539963799994439
68	0.0003197217592969537
69	0.0004872111603617668
70	0.0003442737215664238
71	0.0005899823736399412
72	0.0003252486349083483
73	0.0006686255801469088
74	0.000603045686148107
75	0.0004709079803433269
76	0.0006380081758834422
77	0.0005672936677001417
78	0.0005721324123442173
79	0.0003695617488119751
80	0.0003804666630458087
81	0.0007078858325257897
82	0.0005584608297795057
83	0.0004691723734140396
84	0.0005754115409217775
85	0.000373987655621022
86	0.00038534851046279073
87	0.0004914221353828907
88	0.00037855817936360836
89	0.0004977269563823938
90	0.0003209937713108957
91	0.0006000485154800117
92	0.000518430897500366
93	0.0004964327090419829
94	0.0005702909547835588
95	0.00045773835154250264
96	0.0003604251833166927
97	0.0007316377013921738
98	0.0004917660262435675
99	0.00040085677755996585
100	0.00035967552685178816
101	0.0005001157405786216
102	0.000481420720461756
103	0.000477870024042204
104	0.0003601046628318727
105	0.00047243849257938564
106	0.0004784686607308686
107	0.00035119455424137414
108	0.00036206349614076316
109	0.00040202849777415395
110	0.0004794676206074655
111	0.000410135107813403
112	0.00033849221654236317
113	0.0003292136825621128
114	0.0003555548028089106
115	0.0009116398287005723
116	0.0005646538338623941
117	0.0007629026076756418
118	0.000463208561995998
119	0.0003137089079245925
120	0.0004557119100354612
121	0.0004808236553799361
122	0.00044768681982532144
123	0.00047126898425631225
124	0.0006173081928864121
125	0.00036901168641634285
126	0.00033013211213983595
127	0.0006042680470272899
128	0.0003269244043622166
129	0.00037893629632890224
130	0.0007310165092349052
131	0.0006097924197092652
132	0.0004443623765837401
133	0.00034912978298962116
134	0.000587823917157948
135	0.0005962795112282038
136	0.0005839148070663214
137	0.0003357810783199966
138	0.0005656586727127433
139	0.00044774930574931204
140	0.00048434059135615826
141	0.0004780589370056987
142	0.0003254106268286705
143	0.0005863704718649387
144	0.00046003531315363944
145	0.000442788063082844
146	0.0003874325775541365
147	0.0007013700087554753
148	0.0003379268164280802
149	0.0004947917768731713
150	0.000377848744392395
151	0.0004975668271072209
152	0.0005353324231691658
153	0.00033030513441190124
154	0.0005754783051088452
155	0.00032647751504555345
156	0.0005617987480945885
157	0.0003738912637345493
158	0.0003360729315318167
159	0.0004700880090240389
160	0.0004971912712790072
161	0.0005012395558878779
162	0.0003356784291099757
163	0.0004740168806165457
164	0.00044888388947583735
165	0.00045305496314540505
166	0.00035244852188043296
167	0.00032784120412543416
168	0.0006398422410711646
169	0.0004441936907824129
170	0.0004852903075516224
171	0.0004917662008665502
172	0.0005200523883104324
173	0.0004489104903768748
174	0.00047074398025870323
175	0.0006373985088430345
176	0.00032299497979693115
177	0.0002963599399663508
178	0.0004750934604089707
179	0.00046286737779155374
180	0.00043712896876968443
181	0.00030976798734627664
182	0.00033294555032625794
183	0.00047324682236649096
184	0.0003465625923126936
185	0.0006322619155980647
186	0.0005033249617554247
187	0.0006063248729333282
188	0.00048683761269785464
189	0.0003455867408774793
190	0.0005047939484938979
191	0.00046515875146724284
192	0.00047018463374115527
193	0.0008934501092880964
194	0.0006252815946936607
195	0.0004630254697985947
196	0.0004647638706956059
197	0.00047991718747653067
198	0.0004449450352694839
199	0.0004851959238294512
200	0.0004608472518157214
201	0.0004803453048225492
202	0.0003950046666432172
203	0.0004769933002535254
204	0.0005831762100569904
205	0.00044492812594398856
206	0.0004741793673019856
207	0.0006691152229905128
208	0.0005627201753668487
209	0.0004974573967047036
210	0.0005905265570618212
211	0.0005019740201532841
212	0.00037006608908995986
213	0.0006479165749624372
214	0.0007341402815654874
215	0.00047186901792883873
216	0.000486822216771543
217	0.0005680104368366301
218	0.0005578979616984725
219	0.0004865434893872589
220	0.0003974130959250033
221	0.0005673404666595161
222	0.0004877561004832387
223	0.00046288431622087955
224	0.000397285824874416
225	0.0003641980292741209
226	0.0004468967381399125
227	0.000349399633705616
228	0.00037599154165945947
229	0.0006022650049999356
230	0.0003428549971431494
231	0.00034154325840063393
232	0.0005517196259461343
233	0.0003996907908003777
234	0.0005089227925054729
235	0.00029736250871792436
236	0.00044112384784966707
237	0.00045965739991515875
238	0.0004921868676319718
239	0.00048013351624831557
240	0.0006154805887490511
241	0.00034841892193071544
242	0.0006358069367706776
243	0.000345868116710335
244	0.00045068602776154876
245	0.00031230755848810077
246	0.000293492543278262
247	0.0006373479263857007
248	0.0006279803928919137
249	0.00044477550545707345
250	0.00046724913408979774
251	0.0004373318806756288
252	0.00036373853799887
253	0.0003039023722521961
254	0.000563215755391866
255	0.0004683940205723047
256	0.0004599573148880154
257	0.0006098367739468813
258	0.00032336683943867683
259	0.0006946963840164244
260	0.0003172729047946632
261	0.0004479473573155701
262	0.0003256659547332674
263	0.0004845525254495442
264	0.0003847270563710481
265	0.00047667932813055813
266	0.00047415055450983346
267	0.0003169264236930758
268	0.0004682627914007753
269	0.0005722732748836279
